2.16993252974 6.04808597938 0.0150988101959
2.0749871373 6.00858443409 0.0157721042633
2.03484547522 5.97624946479 0.019376039505
2.00600158635 5.96233807699 0.0230338573456
1.98573022523 6.0055518301 0.0218629837036
2.01565563186 6.06178093556 0.0156469345093
2.06432820021 6.13009606075 0.0158598423004
2.13294641505 6.21430930501 0.015084028244
2.25547019036 6.27517995089 0.0176351070404
2.27174119507 6.2778006091 0.0151770114899
2.24092039333 6.27533405703 0.0192680358887
2.15501304871 6.24189259708 0.0188789367676
1.94936330988 6.19996718841 0.0184369087219
1.90334619101 6.23726685147 0.0152580738068
1.8947305477 6.2958843887 0.0158798694611
1.95237585019 6.34270832367 0.015597820282
2.21785527139 6.3634247143 0.0229659080505
2.38063447412 6.29432155604 0.0157790184021
2.54437054367 6.1508444679 0.0156829357147
2.68223108188 5.94731977167 0.015930891037
2.7746708621 5.7640572585 0.015585899353
2.81366804061 5.66305327483 0.0184109210968
2.87974819984 5.7280583196 0.0342729091644
2.89334860058 5.82168655274 0.015869140625
2.84918886628 6.21950537142 0.0221140384674
2.80423149394 6.43914291078 0.0158407688141
2.77150272155 6.58173207433 0.0151219367981
2.76586333317 6.64425904109 0.0153331756592
2.77450181492 6.64846899894 0.0157001018524
2.81422491447 6.58912233901 0.015683889389
2.88968804608 6.51277235004 0.0160219669342
3.16634293742 6.41526243501 0.0264348983765
3.27466397468 6.43742042245 0.0150148868561
3.33706223506 6.47841820606 0.0152261257172
3.33122733252 6.51682179844 0.0195550918579
3.09646391235 6.61470438566 0.023549079895
2.83307837102 6.66531224543 0.0154070854187
2.03924304983 6.51710098242 0.0153210163116
-0.022654303404 5.71893959017 0.0227251052856
-1.00084352062 4.97505685747 0.0232391357422
-1.83801970046 4.17903374131 0.0153489112854
-2.37689772031 3.46330184672 0.0155560970306
-2.7074575318 2.92264392226 0.0150771141052
-2.79433262885 2.50068934949 0.015692949295
-1.99609375663 2.3043702894 0.0156729221344
-1.54125950697 2.44017600788 0.0153331756592
-0.965926312919 2.69046188671 0.015065908432
-0.464141289541 2.98297263533 0.0219349861145
0.0611905708767 3.43086997411 0.0244519710541
0.165587637782 3.63550393575 0.024092912674
0.0949923966766 3.84931190866 0.0155849456787
-0.0715709909916 4.01980879827 0.0151369571686
-0.754124654717 4.30373378565 0.02210521698
-1.03957816373 4.41702570653 0.0155248641968
-1.27816104703 4.44492276042 0.0150518417358
-1.45776055109 4.34562717781 0.0155568122864
-1.49510685153 4.19727376149 0.0208921432495
-1.00617981935 3.80437097147 0.0248460769653
-0.587231436947 3.51654850739 0.0155429840088
-0.0478225132939 3.24569095255 0.0156619548798
0.58549358069 3.00530095061 0.0190720558167
1.891385676 2.57038374601 0.0232930183411
2.38214885513 2.46897784839 0.01589012146
2.77740443188 2.47417626268 0.015781879425
3.11446487591 2.59432590693 0.0155558586121
3.26644747055 2.81725175549 0.0150768756866
2.94711819761 2.95371701412 0.0166301727295
2.41112977466 3.14051777872 0.0150148868561
1.98588795991 3.35329289896 0.01584815979
1.55218396766 3.51996488264 0.0195159912109
0.784112813711 3.77149428278 0.0358948707581
0.520582024139 3.71091434683 0.015545129776
0.35751656711 3.4614269598 0.0154409408569
0.231704562639 3.11557755641 0.0150940418243
0.0309347605143 2.80299501626 0.0151379108429
-0.411370127435 2.69489403915 0.0159578323364
-0.875721765458 2.82901227403 0.0162861347198
-1.30672777962 3.07597782715 0.0153720378876
-1.71677936038 3.42322934031 0.0156428813934
-2.10769520569 3.82041252451 0.0153200626373
-2.56597934121 4.20264058263 0.0153269767761
-3.06658226162 4.57725297983 0.0152649879456
-3.50234171392 4.92083497386 0.0158500671387
-3.86348198987 5.2027138927 0.0159678459167
-4.17165884456 5.44134149239 0.0151360034943
-4.02035606718 5.89466413581 0.0238909721375
-3.87240093626 5.83959146676 0.0158128738403
-3.53644847698 5.7063652119 0.0151209831238
-3.14624681333 5.55425561843 0.0153460502625
-2.84498125631 5.29689110229 0.0160179138184
-2.53172295432 4.99470688483 0.0185539722443
-2.22370362086 4.65206233426 0.0150010585785
-2.02137079265 4.2616747614 0.0151281356812
-1.87696650633 3.8907976239 0.0153548717499
-1.72282279714 3.60167614322 0.0151009559631
-1.36912017031 3.28292679603 0.0155711174011
-1.29369086949 3.3101944053 0.0168659687042
-1.25539015683 3.41861383998 0.015533208847
-1.28817954716 3.55428679666 0.0153858661652
-1.35982417613 3.69205192566 0.0151751041412
-1.53947021085 3.93452107988 0.0300981998444
-1.5920127217 3.96598648072 0.0209171772003
-1.57440598813 3.98348201028 0.0248038768768
-1.54024639782 3.97053709426 0.0152490139008
-1.48913107634 3.95915244957 0.0232319831848
-1.46034417686 3.96327019987 0.0153779983521
-1.42283928797 3.98844371583 0.0315201282501
-1.42100474184 3.99715519523 0.0151410102844
-1.43041012577 4.01818534768 0.015604019165
-1.45810238071 4.09387750406 0.0159199237823
-1.46098418693 4.11535588768 0.0161130428314
-1.51561652223 4.13217437474 0.0154221057892
-1.545375443 4.08366039484 0.0254778862
-1.62037390829 4.05857481756 0.0243489742279
-1.62753546836 4.05062490426 0.023980140686
-1.60112067224 4.02518330337 0.024621963501
-1.58258695393 4.0424918565 0.0154898166656
-1.55924969164 4.07151973359 0.0151219367981
-1.55015123933 4.07213701193 0.0156269073486
-1.55489448554 3.97333021474 0.0202910900116
-1.55912151887 3.91834633815 0.0152940750122
-1.55384295658 3.89525517611 0.0158109664917
-1.5438729081 3.89663828942 0.0155100822449
-1.55251864693 3.89700840029 0.0172591209412
-1.59112607777 3.89712664794 0.0170419216156
-1.70370691192 3.92857113134 0.0242948532104
-1.75793583917 3.96568381796 0.0155930519104
-1.79596494508 4.00606816521 0.015419960022
-1.81119626693 4.04130938 0.0196390151978
-1.81069638246 4.05982132709 0.0260100364685
-1.8007283617 4.06655546672 0.0154280662537
-1.71320610423 4.05068936417 0.0155711174011
-1.64461147489 4.05512514515 0.0166521072388
-1.60940441104 4.07712561135 0.015212059021
-1.57915168894 4.11985655546 0.015007019043
-1.53849445429 4.18431006245 0.0159690380096
-1.52170168717 4.24004056409 0.0150179862976
-1.48200473443 4.28922048744 0.0158820152283
-1.5135479354 4.29028002053 0.0150270462036
-1.56352752449 4.23686239169 0.0157399177551
-1.60571354757 4.18127020138 0.0151131153107
-1.61926741765 4.11455462111 0.0241758823395
-1.59553464471 4.12774841216 0.0152430534363
-1.52507270569 4.1609956386 0.0174701213837
-1.5041795839 4.13304650452 0.0150470733643
-1.50052319154 4.13929271251 0.0152909755707
-1.54414302074 4.15654406281 0.0151679515839
-1.5680765372 4.15545464764 0.015417098999
-1.56620122338 4.16054356546 0.0188550949097
-1.55641719084 4.2480519491 0.0261149406433
-1.5480658972 4.26029250187 0.0160658359528
-1.5530750939 4.26566487254 0.0154919624329
-1.57882810873 4.27395416087 0.0155827999115
-1.62157943668 4.25257908386 0.0216188430786
-1.63068578639 4.25413636699 0.0240302085876
-1.61943657155 4.30286464408 0.0245580673218
-1.60363620957 4.33802048151 0.0160510540009
-1.60233175016 4.33930498396 0.0158421993256
-1.60103070584 4.28530422772 0.0158369541168
-1.58332194631 4.27019072664 0.0156590938568
-1.56038915929 4.25910618339 0.0154149532318
-1.52284627746 4.28408119697 0.0153250694275
-1.52900913581 4.30718089675 0.0211670398712
-1.59756993437 4.31607892569 0.0218179225922
-1.62133717841 4.33251961791 0.0159180164337
-1.63357858495 4.35911381321 0.0157718658447
-1.61957605682 4.40411152635 0.0153629779816
-1.60804723111 4.43307622419 0.0167329311371
-1.58000343487 4.42323562914 0.0255129337311
-1.58312216328 4.39247757976 0.0160100460052
-1.59658169137 4.37073580697 0.0159528255463
-1.59939935785 4.35739858196 0.0159959793091
-1.5908036715 4.37129161362 0.0150010585785
-1.56346135703 4.41591366635 0.0156829357147
-1.55270989223 4.46088533939 0.0151641368866
-1.56495001811 4.50137726212 0.0153820514679
-1.59554200851 4.5301037571 0.0158939361572
-1.62763493299 4.5409112508 0.0152409076691
-1.64097728064 4.57101616335 0.015594959259
-1.6316460683 4.60863257643 0.0165519714355
-1.60844914505 4.63377151455 0.015102148056
-1.60755342978 4.65198421397 0.015123128891
-1.62747901258 4.6576592474 0.015193939209
-1.66657864392 4.61943494748 0.0156879425049
-1.7721616291 4.45984373555 0.0159587860107
-1.91360129316 3.91853331458 0.228307962418
-1.36538010813 3.9676005398 0.0163600444794
-1.66588634022 4.30706947929 0.0160529613495
-1.51986895532 4.0590789709 0.0163280963898
-1.48797592059 3.99894598545 0.0156199932098
-1.47569961606 3.98041055959 0.0207271575928
-1.51185682325 4.02640548035 0.0208220481873
-1.55998222942 4.10815388009 0.0225429534912
-1.58733254802 4.14231720566 0.016086101532
-1.61016448303 4.21895192814 0.0231471061707
-1.59860876345 4.2587138744 0.015163898468
-1.58270883011 4.30117374537 0.0188851356506
-1.5792483788 4.34117901711 0.0244388580322
-1.59142521871 4.34139416807 0.0159509181976
-1.61618806955 4.33438639398 0.0152471065521
-1.6128842857 4.23491962976 0.0156700611115
-1.59847205294 4.19642297605 0.0214211940765
-1.60240784273 4.18459394218 0.0175170898438
-1.62154101687 4.16697845743 0.0231549739838
-1.64393592649 4.14301473872 0.016037940979
-1.68058490731 4.14034840363 0.0269560813904
-1.68985560845 4.14640208567 0.0158851146698
-1.70493602581 4.16324661282 0.0157849788666
-1.70265282163 4.25198058854 0.0226571559906
-1.67044367722 4.29156580364 0.015191078186
-1.64943988503 4.3069392788 0.0154120922089
-1.66244360471 4.29414035807 0.0155980587006
-1.71145341366 4.22723908204 0.0187959671021
-1.69778001527 4.1964310869 0.0150320529938
-1.69299781563 4.15940548519 0.0155289173126
-1.64638017372 4.14807462824 0.0158820152283
-1.60787082013 4.16262805381 0.0158491134644
-1.58749828683 4.188879459 0.0151858329773
-1.57221275035 4.22465470921 0.015524148941
-1.57927239119 4.24101429294 0.0159199237823
-1.60524279812 4.28391214979 0.0159020423889
-1.63693658342 4.33640300734 0.0152320861816
-1.65913544527 4.39566343612 0.0150871276855
-1.70408673447 4.46724040353 0.017961025238
-1.71458366801 4.4536705252 0.015077829361
-1.75165665416 4.43143697879 0.0150799751282
-1.76983008 4.43545654511 0.015508890152
-1.7998487614 4.4457722652 0.015527009964
-1.81919164369 4.4734972837 0.0150148868561
-1.83881349651 4.49128053497 0.0153861045837
-1.83456084998 4.53087044584 0.0153369903564
-1.78552233289 4.57433392773 0.0150430202484
-1.7426410179 4.53501807821 0.0161709785461
-1.7329230461 4.50896261408 0.015321969986
-1.72001836415 4.47354851012 0.0155348777771
-1.6836101475 4.46001192895 0.0203230381012
-1.6287142096 4.4700049226 0.0233700275421
-1.64374927023 4.51332368986 0.0225391387939
-1.67132274391 4.52936140092 0.0151839256287
-1.69424987468 4.55810070251 0.0232129096985
-1.70558532066 4.57318944416 0.015615940094
-1.68580039707 4.54527275348 0.016489982605
-1.68643432401 4.56248781839 0.0153141021729
-1.71145277333 4.55588942877 0.0157389640808
-1.72089657707 4.52873771927 0.021763086319
-1.68855573807 4.48645799453 0.0263431072235
-1.63907720739 4.4888856999 0.0158939361572
-1.54896353347 4.48980478723 0.0174288749695
-1.51738724877 4.46894795082 0.0155639648438
-1.4651411041 4.45751634859 0.0155701637268
-1.45437437809 4.46463895523 0.0247941017151
-1.43644278364 4.46851807579 0.0152690410614
-1.30983914423 4.47349130728 0.0266711711884
-1.22441247418 4.46743506392 0.0159530639648
-1.03859856519 4.34994855312 0.0157291889191
-0.682539096212 4.07706285899 0.0303349494934
-0.460808904278 3.83963822636 0.0155720710754
-0.227824161417 3.59781580568 0.0157079696655
0.271533770247 3.05913991674 0.018835067749
0.537563528602 2.728403801 0.0151782035828
0.805879345935 2.33826894513 0.018679857254
1.33062276955 1.3552028061 0.0159020423889
2.10531445788 0.481633617449 0.0178790092468
2.47553739132 0.364998825902 0.025059223175
2.5846953402 0.421993179348 0.0155019760132
2.88615192908 0.997100683673 0.0195879936218
2.99349155353 1.46992479784 0.0153069496155
2.95143637127 1.95104929939 0.0243268013
2.91584532272 2.43049229374 0.0162019729614
2.97841391094 2.9229312171 0.0150201320648
2.69218971113 3.65439538522 0.0168011188507
2.52672176174 3.67868652612 0.0162239074707
2.39023494533 3.57340150794 0.0155248641968
2.24500399268 3.37481076961 0.0153980255127
2.14782683593 3.07364873264 0.0150871276855
2.25941633216 2.51075470045 0.0151100158691
2.21739081852 2.19685308002 0.0153632164001
1.93130279561 1.66219537002 0.0170140266418
1.58012563122 1.51588375338 0.015007019043
0.551872774913 1.30201420204 0.0157940387726
-0.0816163983319 1.4033126309 0.01731300354
-0.836404902079 1.67119563836 0.0230729579926
-2.72432873938 2.32679401388 0.0247950553894
-3.70730032298 2.77811477155 0.01589179039
-4.64217478167 3.27431307371 0.0151798725128
-5.62112914682 3.6320196855 0.0153992176056
-6.72692482061 5.19125411593 0.0158090591431
-6.55686890509 5.8099181368 0.0170559883118
-6.24540416809 6.36160574955 0.0155830383301
-5.67211480142 6.85308396411 0.0151298046112
-4.87554569702 7.21546904204 0.0158360004425
-3.34306319658 7.40140813558 0.0164017677307
-2.62204580279 7.15666196706 0.0152490139008
-1.95511582326 6.01530235203 0.0227301120758
-1.90166745857 5.23323416612 0.0243101119995
-2.49700851786 3.77047530394 0.0213930606842
-3.05908442145 3.26682056964 0.0151300430298
-3.68541212801 2.93646331595 0.0175869464874
-4.67745398939 2.89900293 0.0209009647369
-5.08807983965 3.28718371143 0.016105890274
-5.46483990446 3.87562563932 0.0154550075531
-5.78191692252 5.32055173135 0.0172979831696
-5.55748459036 6.11191793916 0.015132188797
-5.22992664701 6.97073568011 0.0150771141052
-4.92441612742 7.78634905947 0.0159997940063
-4.55045900149 8.3937466833 0.0161499977112
-3.38336515466 8.86967767976 0.0214169025421
-2.80775032203 8.90813932875 0.0155470371246
-1.6758205302 8.33154415053 0.0157380104065
-1.29770328546 7.76403739277 0.0151970386505
-0.955387864638 6.38513532436 0.0158100128174
-1.15681590623 6.13014728717 0.0155460834503
-1.44176307411 6.0402389458 0.023472070694
-1.77783484826 6.18264070603 0.0219678878784
-1.9133084488 6.61947996855 0.0155129432678
-2.21414882655 7.6726810513 0.0204911231995
-2.25274152979 8.11783265404 0.0158848762512
-2.23789931528 8.57511979539 0.0157690048218
-2.17598770588 9.02894744592 0.0161600112915
-1.45607979094 9.65971114691 0.0159320831299
-0.794750886704 9.61332050206 0.0154950618744
0.123167067075 9.33469318016 0.0184960365295
1.95858534592 8.13512840057 0.0216019153595
2.75823401187 7.3191718042 0.0161440372467
4.01822974391 5.67353804209 0.0206661224365
4.24876826519 5.10202922037 0.0179760456085
4.28995644032 4.79747620792 0.0158889293671
4.18340036663 4.62523121677 0.0158400535583
3.4774550659 4.7110457135 0.0240058898926
3.17923022372 4.69753431866 0.0152070522308
3.02756565976 4.49278701857 0.0154759883881
3.04867649382 3.74332700953 0.0198700428009
3.16486185358 3.31615652011 0.0251040458679
3.29002933899 2.83409777675 0.0160179138184
3.50864427097 2.3744702284 0.0156869888306
3.69037212601 1.93965697074 0.0150737762451
3.84250135628 1.19238187518 0.015261888504
3.87705741773 1.03612016702 0.0183799266815
3.8856596141 1.04209946403 0.0154769420624
3.78096775516 1.1410276038 0.0157318115234
3.46790923621 1.6182086316 0.0187299251556
3.21029413751 1.74609965494 0.0153460502625
2.8783806679 1.81004089774 0.0151388645172
2.50117813491 1.81747833342 0.0153050422668
2.18345993283 1.71391377586 0.0150499343872
1.88289489708 1.53317811252 0.0151290893555
1.60657810011 1.3145482395 0.0157470703125
1.42210578968 1.19964973007 0.0150759220123
1.11186771197 1.11096580683 0.0150561332703
0.689669546901 0.980487849342 0.0155930519104
0.20622391495 0.853234648277 0.0153632164001
-0.346888365874 0.841837677234 0.0150380134583
-1.07108774736 0.871486034317 0.0152559280396
-1.89794329793 0.868663832168 0.0159780979156
-3.2727470394 1.14168564984 0.0159878730774
-3.67226059877 1.49983323572 0.0157821178436
-3.98693040204 1.85792948845 0.015233039856
-4.2133746518 2.19624903516 0.0151958465576
-4.30170479258 2.5558104702 0.0152690410614
-4.37860205046 2.87611710052 0.0152399539948
-4.40937333333 3.04486503482 0.0155930519104
-4.24785515428 3.14514544533 0.0156481266022
-3.49924977266 3.27293401583 0.019054889679
-3.1013494186 3.2047253989 0.0159380435944
-2.70178890168 3.08877013113 0.0152502059937
-2.3299992936 3.03021278495 0.0150980949402
-2.13165828406 3.0911280405 0.0154218673706
-2.12297327165 3.30701324469 0.0155019760132
-2.2727640159 3.64384188918 0.0152299404144
-2.5726680174 4.01246847934 0.0152411460876
-3.13016790769 4.33958971747 0.0153670310974
-4.06306950892 5.09047083275 0.021027803421
-4.55776175437 5.48200416984 0.0235130786896
-5.4823909293 6.03396285573 0.0217590332031
-5.62755592794 6.32025834564 0.0319390296936
-5.45788506433 6.44771351753 0.0236110687256
-4.50504165861 6.46143024493 0.0211901664734
-3.84920817516 6.3138319914 0.0150599479675
-2.50827875688 6.30225652831 0.0325930118561
-1.94804380271 6.36715613203 0.0181090831757
-1.60535933823 6.43790878098 0.0153119564056
-1.43664619521 6.68681240028 0.0193707942963
-1.61930562402 6.83538054067 0.0150511264801
-2.38231768886 6.6171555698 0.0156960487366
-2.89145002144 6.26826908011 0.0254859924316
-3.3759450079 5.93718163651 0.0158379077911
-3.85708594459 5.31714730894 0.0232880115509
-3.80114541463 5.30421733395 0.0208189487457
-3.47335780617 5.45168325257 0.0151829719543
-3.06372169301 5.72321913057 0.0151779651642
-2.65066344164 6.02179060485 0.0159599781036
-1.9581260157 6.43984087074 0.0150220394135
-1.52230690596 6.62272857728 0.0213429927826
-1.00821852409 6.7407457084 0.0156819820404
-0.535674447688 6.86379626205 0.0152699947357
-0.152937206965 6.84523479609 0.0150709152222
0.566343384443 6.26521555866 0.0200967788696
0.746044540928 6.16623501853 0.0157778263092
0.797240277213 6.0119145782 0.0157480239868
0.483201092502 5.61268660612 0.0252301692963
0.272721742915 5.51990659709 0.015172958374
-0.00310694378875 5.59258664005 0.0151600837708
-0.288893683199 5.749145248 0.0153770446777
-0.589316672356 5.81303526438 0.015084028244
-0.903592939336 5.72300696782 0.0154478549957
-1.53010570133 5.40538182707 0.0176780223846
-1.89076242123 5.29137828586 0.0154809951782
-2.45482975186 5.15781692485 0.0155658721924
-2.72901040717 5.51049886528 0.0235049724579
-2.87679883878 5.71611616072 0.0152938365936
-3.01731247859 5.91391075512 0.0199091434479
-3.10666501332 6.1238289353 0.0174050331116
-3.20643508063 6.47057800266 0.021605014801
-3.13313178291 6.51223959528 0.0153629779816
-2.44769006974 6.35267911919 0.0275688171387
-1.83550149509 6.19391606769 0.0153198242188
-1.10597560659 6.00982582097 0.0155260562897
-0.379783464051 5.76199881024 0.0158131122589
1.11673294109 5.29964324164 0.0150289535522
1.80564310969 5.13428649627 0.0152759552002
2.58853198552 5.02565148375 0.016065120697
3.90179380158 5.00219960235 0.0155220031738
4.46286694803 5.08874407555 0.0245499610901
4.55728662934 5.11793374274 0.0151948928833
4.33635604979 5.19539022236 0.0154740810394
3.38066637616 5.32970503861 0.0154750347137
1.87260649776 5.50815482974 0.0276660919189
1.1058586396 5.69750602966 0.0156438350677
0.2689030802 5.86091659801 0.0157861709595
-0.570784875034 6.00835220766 0.0172588825226
-1.89098269483 6.30892748869 0.0183610916138
-2.99935484405 6.73182377379 0.0160548686981
-3.38755035307 6.94723598739 0.0154340267181
-3.78556874134 7.18951859206 0.0164539813995
-4.27875493008 7.44111202523 0.01522397995
-4.73577782849 7.57656406798 0.0155169963837
-5.06467448891 7.63615576094 0.0151600837708
-5.29602238761 7.82829495871 0.0279178619385
-5.20519367825 7.93686679198 0.0153059959412
-4.91207781757 8.01487267495 0.0154240131378
-4.0785689157 8.09740185069 0.0194389820099
-3.05555748252 7.9910336072 0.0225188732147
-2.64144546102 8.00960745287 0.0153439044952
-2.39153460226 7.92976339525 0.0150361061096
-1.81752422375 7.20729586692 0.0199820995331
-1.4549733003 6.66048500923 0.0152099132538
-1.11392135775 5.91302795317 0.0158710479736
-0.698704713234 4.44994721833 0.0255060195923
-0.593196860135 3.95517471815 0.015604019165
-0.521096742926 3.68243331176 0.0152499675751
-0.297506738505 4.32151362183 0.0189988613129
-0.102411803054 5.02960616328 0.0246460437775
0.174448847735 5.80413083214 0.0151960849762
0.55660999135 6.56850413234 0.0160119533539
1.41081292566 7.4821435329 0.0156559944153
2.13988460659 7.14287864531 0.0215280056
2.39704272294 6.72326810808 0.0151829719543
2.48890300431 6.18683743039 0.015643119812
2.68330534257 5.02575265593 0.0199098587036
2.82330565098 4.54398526282 0.0151221752167
3.01125644868 4.0575596807 0.0151650905609
2.96166586021 3.03680092929 0.0225830078125
2.89514430001 2.60309266817 0.0246450901031
2.60756601519 1.78306816055 0.0228369235992
2.49538442694 1.37599528932 0.0152370929718
2.58170798621 1.15251288706 0.0153770446777
2.64977316917 1.09991253304 0.0153079032898
2.70485373562 1.00355105029 0.0155289173126
2.68197644389 0.907501194923 0.0159749984741
2.38271981625 0.82366430476 0.0158989429474
2.14940823817 0.757177749276 0.0216238498688
1.80115311409 0.656441050115 0.0156390666962
1.38628913145 0.621565944131 0.0152118206024
1.00819664614 0.687092271068 0.0159230232239
0.221905335594 0.670180028992 0.0152060985565
-0.285530081837 0.614308494611 0.0171740055084
-0.86925453681 0.595713144513 0.0154798030853
-1.4202148945 0.597529281142 0.0151748657227
-2.05398409216 0.587441518624 0.0152761936188
-2.81433291684 0.555008205268 0.01527094841
-3.61625731644 0.649619665486 0.0158100128174
-4.46522421706 0.841471568422 0.0150158405304
-5.29382733556 1.1386424804 0.0154819488525
-6.04870069641 1.57162620785 0.0155079364777
-6.64107062341 2.15729070336 0.0151340961456
-6.99987753598 2.86240165378 0.0155351161957
-7.19506812076 3.55019359236 0.0150220394135
-7.33573501294 4.09950771437 0.0154480934143
-7.2910775286 4.50215248859 0.0151388645172
-6.48694911233 5.07226709795 0.0160839557648
-5.75967355772 5.20809949686 0.0163419246674
-5.08605298101 5.15181190791 0.0155189037323
-4.59858451438 5.02219071227 0.0152320861816
-4.18754885277 4.85828154012 0.0151300430298
-3.94776951243 4.69398945048 0.0151221752167
-3.7895225671 4.44793103186 0.0153198242188
-3.70989835619 4.27092454508 0.0151438713074
-3.70667151869 4.18749463815 0.0152671337128
-3.79035371574 4.13787502137 0.0154612064362
-3.92301263801 4.28018585471 0.0159838199615
-4.2122438286 5.09190858757 0.0226719379425
-4.80811806953 6.29385368808 0.0251078605652
-4.90572019211 6.92994493661 0.0170559883118
-4.77149118011 7.45574399798 0.0181560516357
-4.37995869679 8.03748145487 0.0215311050415
-3.90614633963 7.99573533867 0.0244328975677
-2.50677205984 7.32230259216 0.021546125412
-1.86343291337 6.92509977117 0.0215408802032
-1.04340904608 6.42105400854 0.0313220024109
-0.724248073266 6.12378453907 0.0163719654083
-0.785505905497 5.89830035777 0.0216250419617
-0.924063016278 6.03072534606 0.0221831798553
-1.00390899489 6.70158311124 0.0221469402313
-1.04125220041 7.03487201019 0.0159230232239
-1.05669845977 7.45155196938 0.0154569149017
-0.816069828094 8.28295589232 0.0193679332733
-0.57763550141 8.3670064927 0.0156121253967
-0.0958673545814 8.17697696961 0.0159759521484
1.22423158089 7.07432489038 0.0150690078735
1.99748156569 6.32708298528 0.0161411762238
2.70939239633 5.68748955725 0.0155940055847
3.24775345624 5.15987110424 0.0154500007629
4.07599606881 4.47568806687 0.0165979862213
3.92857454643 4.41692368058 0.0152280330658
3.57804326181 4.40466946743 0.0156238079071
2.79590271858 4.63997247255 0.0162279605865
2.03173667193 4.94682085544 0.0224349498749
2.02450862424 5.06632952912 0.0158579349518
2.13083567315 5.06892073214 0.0156638622284
2.7394526992 4.40630487085 0.0152468681335
3.24172752184 3.80385614596 0.0153000354767
3.76458554644 3.06890815447 0.0159502029419
4.43158254719 1.60106880549 0.034637928009
4.60130591788 0.826245902823 0.0171020030975
4.667822142 0.103608900428 0.0150148868561
4.78242588608 -0.458335788829 0.0150730609894
4.85842027834 -1.34071682865 0.0162630081177
4.60064637774 -1.60564802044 0.0252201557159
4.12199568533 -1.66758044057 0.0159440040588
2.77699248609 -1.47944757564 0.0198881626129
1.89867370128 -1.32532659818 0.0158331394196
-0.145764067593 -1.12202495031 0.0180268287659
-1.31987664083 -1.05045257194 0.016056060791
-2.42166384735 -1.03250838433 0.0155820846558
-4.54214836882 -0.879703925827 0.0237488746643
-5.72013103129 -0.774791206319 0.0154688358307
-6.8884549525 -0.633379129826 0.0150761604309
-8.21137977869 -0.440782923033 0.0150008201599
-9.91656809461 0.616404028665 0.0152840614319
-10.429071339 2.46827348514 0.022057056427
-10.2341121269 3.4917258924 0.0150570869446
-9.00402835451 5.4848497974 0.0221509933472
-7.9261041214 6.56592829725 0.0151288509369
-6.72446253742 7.48148185832 0.0154900550842
-5.70173690497 8.11785229084 0.0150380134583
-4.14882722971 8.58659707452 0.0154800415039
-3.85776853663 8.45749540015 0.0160441398621
-3.8615144685 8.31015882824 0.0155069828033
-4.13472801171 7.9561262179 0.0166749954224
-4.44368051976 7.72792105999 0.0153770446777
-5.22493847448 7.57562320942 0.0308940410614
-5.41672463685 7.63707100629 0.0154349803925
-5.29835105523 7.73158887157 0.0154709815979
-4.44227862343 7.76884669972 0.0157260894775
-3.68011403565 7.7795026486 0.0155560970306
-2.66395157467 7.82314158098 0.0150859355927
-1.57416906594 7.92681104598 0.0167179107666
0.171299343455 7.92787314039 0.0235590934753
0.872032609533 7.67282960792 0.0154910087585
1.26867252689 7.56520973226 0.0151538848877
1.56951482563 7.68976335442 0.015881061554
1.98864842355 7.64810261557 0.0184581279755
1.77072088608 7.44129814788 0.0153779983521
1.31262308665 7.41474407994 0.01571393013
1.02121520015 7.35757710413 0.0160222053528
0.461096519275 6.72515195964 0.0154130458832
0.373119040371 6.2998237003 0.0157718658447
0.854683128628 5.44135301833 0.0157430171967
1.13502867 4.76426227865 0.0212180614471
1.97636688965 3.65943094219 0.0183138847351
2.05543977623 3.46623989529 0.0154550075531
2.05236448355 3.49775460156 0.0159521102905
2.1375678918 4.20970854776 0.0194900035858
2.22461609145 4.76459994612 0.015643119812
2.42082245342 5.39422428617 0.015741109848
2.47108346765 6.5099032437 0.015683889389
2.35846688173 7.25331255891 0.0198159217834
2.26309097393 7.44835970971 0.0163278579712
2.11445538542 7.55571320799 0.0151269435883
1.99288655593 7.53745355102 0.0151860713959
1.80301989017 6.94834162426 0.0158531665802
2.19622064719 5.48750930231 0.0162949562073
2.50993379709 4.39416122139 0.0151128768921
2.91754070374 2.98986792474 0.0207800865173
3.46155353174 1.39179746557 0.0154709815979
4.04945993012 -0.127980135965 0.015153169632
4.45916541238 -1.47027057616 0.0154118537903
4.80183216106 -4.14572418939 0.0157918930054
4.78128695204 -5.09287804754 0.0221560001373
4.57478770843 -5.64854125728 0.0155560970306
4.20215137033 -6.03503263411 0.0152440071106
3.64521859918 -6.15480811205 0.0157909393311
0.52434599198 -4.54204933108 0.0163240432739
-0.691722445634 -3.60429594766 0.0152909755707
-2.01723980886 -2.44865675495 0.0153410434723
-3.48689609488 -1.1763317844 0.0154111385345
-4.90373858348 0.0307823819288 0.0153551101685
-6.22518381994 1.14385199375 0.015487909317
-7.45010567682 2.17076495904 0.0154900550842
-8.69021958196 3.10746499922 0.0157539844513
-9.81034072377 3.99381011008 0.015175819397
-10.7033102643 4.81204201321 0.0152812004089
-12.0865371232 6.58366202966 0.0159940719604
-12.6484781305 7.84490341745 0.0155320167542
-13.0160985484 9.19255523598 0.0151579380035
-13.1311044199 10.6001086673 0.0153388977051
-12.8148521472 11.9533817315 0.0150189399719
-12.0406937472 13.0815821333 0.0158839225769
-10.7938162473 13.8557311418 0.0151369571686
-9.19517119843 14.1276145057 0.015310049057
-7.38453586079 13.8525303444 0.0154058933258
-3.99104516413 11.9726454263 0.017275094986
-2.50518489463 10.8154875837 0.0163180828094
-1.35359952592 9.87630327568 0.0153090953827
-0.321072118441 8.9721569843 0.0152339935303
0.219997404958 8.45554708869 0.0150392055511
0.533240018857 8.39861233931 0.0152580738068
0.976541920993 8.74360604806 0.0151948928833
1.62443648347 9.23016311133 0.0152869224548
3.23372467457 9.80590195458 0.0156140327454
6.19605775888 9.37322910745 0.0232520103455
8.17545725252 7.18490906814 0.0217671394348
8.86595864176 5.50614291214 0.0164189338684
9.08657631327 1.84228963591 0.0202069282532
8.83606717263 0.172576949016 0.0240631103516
8.13155023522 -2.30843275785 0.020984172821
6.93025528333 -3.79925558667 0.0225968360901
6.56314755649 -4.16844225234 0.0160350799561
6.60015736339 -4.07057759437 0.0150549411774
6.60437585898 -2.91997630651 0.0155520439148
6.10825439644 -1.12982833472 0.0194799900055
5.58485700034 -0.048763928806 0.0205619335175
4.06372819529 1.92037769459 0.0211889743805
3.25708989795 2.45190088136 0.0228111743927
1.28296885987 2.58941073205 0.021605014801
0.0747222628498 2.36375878423 0.0151350498199
-1.48600818578 1.9719577891 0.0160160064697
-5.92217016137 0.887470224439 0.0155789852142
-8.42147469001 0.72841576932 0.0153691768646
-10.8083073474 0.99827238128 0.0150001049042
-14.2171053517 3.27168878697 0.0159831047058
-14.5509479229 7.04978487447 0.0161850452423
-14.0498971982 8.7518756996 0.0253300666809
-13.1322237172 10.4172294985 0.0158979892731
-9.34690811971 13.1092307391 0.0189399719238
-7.47341796623 13.5552181862 0.0153608322144
-5.7674266762 13.4061322321 0.0161671638489
-2.73722669786 12.0229711139 0.0195569992065
-2.31691563935 9.64023998513 0.0226781368256
-2.76303414075 8.3767028 0.0168290138245
-4.1257902823 6.8120148904 0.0188410282135
-5.31679128533 7.18561172385 0.0224130153656
-5.71230833026 7.94822710412 0.0158848762512
-5.54455333471 8.82604045493 0.0165109634399
-3.21702037974 10.1420650825 0.0237009525299
-1.4917313507 10.5427734981 0.0160639286041
0.564491656126 10.4155484182 0.0154311656952
6.80832231938 7.4914411279 0.0349090099335
8.74982408153 6.21701107171 0.0158739089966
10.2337441504 4.78571590283 0.0155398845673
11.0292810425 2.30488874344 0.0242710113525
10.719609657 1.06434261539 0.0250151157379
9.62226463478 -1.3166378505 0.0213689804077
8.7660329742 -1.91899500817 0.0153110027313
7.92851603195 -2.29307080863 0.0157690048218
7.53547877258 -2.26132601036 0.0215260982513
7.4063156265 -1.85053388768 0.0153000354767
7.45827799816 -0.982460279908 0.0159850120544
7.7214315265 1.54461302313 0.0187621116638
7.74358866017 2.71429006885 0.0154900550842
7.62746861409 3.64734748377 0.015007019043
7.32725106422 4.42396816693 0.0163788795471
7.41031726358 4.17673965153 0.0212759971619
7.60227204624 3.49888307688 0.0153448581696
7.66415014503 2.49871435761 0.0169699192047
6.7665625428 0.188096486171 0.0207419395447
5.91865304084 -1.05716237903 0.0154161453247
4.78432126358 -1.94877484639 0.0158469676971
-0.616598635696 -2.89326493077 0.0160310268402
-2.72067800327 -2.64489193179 0.0166308879852
-4.9267136323 -2.25545460899 0.0179779529572
-8.3158586211 -0.487193017907 0.021742105484
-9.50671832459 0.804644095552 0.0150508880615
-10.3817347129 2.07951021664 0.0159502029419
-10.1980982469 4.50215504991 0.0151870250702
-9.38117176369 5.3526843563 0.0169649124146
-8.36001750163 5.823262192 0.0154280662537
-7.17542364293 5.76707278702 0.0184869766235
-4.6366726374 4.8332395053 0.0342180728912
-3.78929674397 4.13651709439 0.0159029960632
-3.45798518479 3.57396755987 0.0157909393311
-4.15500001317 3.33899453826 0.0153460502625
-6.15397867095 4.44807275829 0.0152759552002
-7.25270808716 5.49929650127 0.0156481266022
-8.17200715322 6.74497530304 0.0173099040985
-8.70187615356 8.04384121476 0.017117023468
-8.53776975969 10.558483787 0.0217719078064
-8.05086862565 11.5874526392 0.0158610343933
-7.23373723674 12.4596985321 0.0151591300964
-4.66604373149 12.9861567067 0.0161790847778
-3.48571084362 12.8821858596 0.0197539329529
-2.14706783116 12.5855934326 0.0157370567322
0.650714843631 11.3556266273 0.0156500339508
1.75152037054 10.561157806 0.0161418914795
2.64317179133 9.88407517718 0.015998840332
3.31644253429 9.58792500496 0.0153880119324
3.88284258795 9.41629601149 0.0156528949738
4.98734522156 8.67463394405 0.0163948535919
5.82666533376 8.50388604499 0.0223100185394
6.06719642179 8.78514213595 0.0152230262756
6.1466716492 8.75570316686 0.0154130458832
6.12824294505 8.20512930182 0.0198948383331
6.12454909337 8.45644098969 0.0160160064697
6.29671895244 8.55441322315 0.0152728557587
6.78229887176 8.20185849499 0.0155808925629
7.2945472647 7.548501382 0.0183608531952
8.22657780337 5.99700000637 0.0331108570099
8.59778492438 4.60094861361 0.0151259899139
8.73590842487 2.71489688847 0.0154988765717
8.61248946789 0.802886815944 0.0181701183319
8.02937060523 -3.15144650828 0.0158591270447
8.12133995618 -5.38246270042 0.0152151584625
8.25067129566 -7.12056783239 0.0153238773346
8.30856654039 -8.26809083937 0.0154020786285
8.62442607724 -8.82612497852 0.0158548355103
8.94449557193 -8.75439177054 0.0154139995575
8.95659439827 -7.97399228522 0.015585899353
8.66229349977 -6.8594761674 0.0152590274811
8.10599678998 -5.31058648535 0.0151970386505
7.3330994137 -3.41793039417 0.0155041217804
6.19213424209 -1.85505995523 0.0154011249542
4.74752660763 -0.557242957787 0.0154020786285
3.44097694654 0.281198407882 0.0155839920044
0.712616154387 1.01029949064 0.0155200958252
-0.863952869271 0.835672097486 0.016508102417
-2.39751336566 0.236506532471 0.0153591632843
-3.65917950585 -0.378808134382 0.0152010917664
-4.75653861536 -0.664028162983 0.0153892040253
-6.01682292289 -0.555643519583 0.0152060985565
-7.63095286434 0.0661145369586 0.0167701244354
-11.2856419477 2.71426168088 0.0188398361206
-13.1122496827 4.68466709604 0.0150351524353
-14.6760923564 6.99706221738 0.0153651237488
-16.0589290407 9.20119713283 0.0151209831238
-16.6548391401 11.4261022267 0.0153291225433
-16.3723510538 13.3290330568 0.0150611400604
-15.5002998213 14.8122726681 0.0157361030579
-12.5606845865 15.6263236417 0.0255310535431
-8.66956252859 13.960474654 0.0216839313507
-6.57912294207 10.7265670585 0.0248019695282
-6.29507501128 9.23065403117 0.0216851234436
-5.98481494889 7.45269004965 0.0310380458832
-5.62368107625 7.15577233492 0.0155639648438
-4.9418915933 7.67477450428 0.0198760032654
-4.29708288895 8.33562860365 0.0154299736023
-2.51180953779 9.81241795505 0.0203239917755
0.984722993514 10.4536480672 0.0215690135956
3.19734281818 10.2005818744 0.0194971561432
5.3642534161 9.47024084556 0.0193719863892
7.19235397434 8.58802202273 0.0154709815979
10.303622962 6.50345682578 0.0153470039368
11.4128687351 5.38785598855 0.0169589519501
12.9424665479 3.350622295 0.0153269767761
12.7486804207 2.51322680204 0.0179769992828
12.0982688268 1.70147301318 0.0156378746033
11.142004777 0.861637381781 0.01527094841
9.03790097015 -0.641028354727 0.0201179981232
7.09236811574 -1.44258291026 0.0224080085754
6.25571305798 -1.33169318826 0.0151081085205
5.98795640902 -0.369543969949 0.0194699764252
6.01930441599 0.217431695089 0.0152990818024
6.2249323836 0.755559047803 0.015527009964
6.51625916161 1.20967452678 0.0160810947418
7.34199744264 1.63824968729 0.0160179138184
7.5532184814 1.64297873951 0.0152740478516
7.48296742446 1.58794886587 0.0155258178711
6.83784794651 1.53023462115 0.0157558917999
3.96455769052 1.56672074465 0.0283899307251
0.173294559106 2.07348812422 0.0217649936676
-1.93297320375 2.39562481836 0.0172519683838
-5.90933154017 3.09989971094 0.0154910087585
-7.70465828945 3.11670901993 0.015252828598
-9.08372214797 2.95012348084 0.0150051116943
-9.98170590117 2.84892825187 0.0151920318604
-10.5085038777 2.94605439564 0.015949010849
-10.3894272135 3.04192933414 0.0153951644897
-10.109561066 3.18972075395 0.0158269405365
-9.49608201251 3.54150793961 0.0159969329834
-8.5084016538 4.12176858154 0.0151941776276
-6.30223475708 5.51730344124 0.0153939723969
-5.44286035571 6.11736629568 0.0156090259552
-4.7144377562 6.6218402258 0.0151569843292
-3.7031821458 7.5020253598 0.0153870582581
-3.25521607824 7.9630008033 0.0171408653259
-2.59964577052 8.42364754394 0.0155708789825
-1.25365571567 9.55111199288 0.0157740116119
-0.615048236115 9.74603705405 0.0154881477356
0.240548376954 9.54541049247 0.0224390029907
0.976597736445 9.2839781718 0.0151479244232
1.71380566677 8.96541985645 0.0155620574951
2.51534714889 8.36277945938 0.0154099464417
3.60303364332 6.48492182681 0.0152509212494
3.68167345322 5.81468987771 0.0174927711487
3.70642904698 5.20289147762 0.0152261257172
3.67417177107 4.50189806404 0.0152099132538
3.1697614471 3.28024231824 0.0197789669037
2.93666843506 2.91385538979 0.0166699886322
2.74811380595 2.65707357417 0.0156030654907
2.67855793421 2.65569472973 0.0156240463257
2.63338263615 2.65885198468 0.0154039859772
2.73001679286 2.51287312631 0.0155191421509
2.73617207396 2.42549067428 0.0155649185181
2.56512300624 2.38038090335 0.0165328979492
2.38474069847 2.45829692664 0.0190107822418
1.39338132241 2.70776211555 0.0153028964996
0.699061804062 2.79178859682 0.0165350437164
0.0903524170537 2.79161506733 0.0151538848877
-0.549794476415 2.68627988995 0.0210340023041
-1.49168183183 2.37456179562 0.0215039253235
-1.68699738772 2.16750375716 0.0162072181702
-1.85193194203 1.92886826006 0.019189119339
-2.34370961769 1.282713795 0.0214929580688
-2.44220094553 1.06803838806 0.0157170295715
-2.45772425796 1.1413629234 0.0156919956207
-2.46504579387 1.49302567155 0.0152850151062
-2.77232618623 2.59330842219 0.0217027664185
-2.92104010847 3.43603722566 0.0150630474091
-2.93279016828 4.49235031335 0.0153620243073
-2.97737209365 5.49858530782 0.0174798965454
-3.11899030312 6.89864217965 0.023698091507
-3.37641735817 7.22528829274 0.0154800415039
-3.71523444148 7.33062261635 0.0157852172852
-4.18439159783 6.91010024887 0.0150289535522
-4.33670353566 6.38760956038 0.017049074173
-4.4718221798 5.751302734 0.0156738758087
-4.10851545323 4.45745060802 0.0199251174927
-3.60444066229 3.84809528121 0.0162739753723
-3.0683743325 3.33561210052 0.0192699432373
-2.61007973825 3.0111488732 0.0159730911255
-1.74094488983 3.10826904055 0.0152499675751
-1.0689201228 3.75654641379 0.0329518318176
-0.745979120523 4.20936575764 0.0164411067963
-0.560112544373 4.90621495394 0.0157539844513
-0.614837620829 5.1972937107 0.0150349140167
-0.660419635307 5.20636035994 0.0156228542328
-0.715265253929 5.00569922052 0.0184171199799
-0.745995075418 4.65005383176 0.0177319049835
-0.750682239375 4.19863382291 0.0157511234283
-0.820267352865 3.01278747827 0.0154619216919
-0.82868886939 2.41828439782 0.0158469676971
-0.767163806007 2.0240595393 0.0152230262756
-0.667788022039 1.82535823729 0.0151650905609
-0.587261959354 1.78068687913 0.0152649879456
-0.469990332709 1.92856602419 0.0161290168762
-0.375727105417 2.25936361163 0.0154750347137
-0.336566135769 2.72270059304 0.0160610675812
-0.368083083199 3.28394065223 0.0151181221008
-0.421673974726 3.87657375496 0.0154168605804
-0.662454818236 4.42120748985 0.0160660743713
-1.07944053511 4.8686425102 0.0156309604645
-1.92509948974 5.3793016035 0.0153169631958
-2.1020886876 5.42820063531 0.0162069797516
-2.24355791356 5.34319423534 0.015172958374
-2.30920435578 5.09444771039 0.0158410072327
-2.33734601582 4.68928003505 0.0151500701904
-2.32721065542 4.20825755945 0.0154161453247
-2.28826982597 3.71217323607 0.0160319805145
