-2.07204076445 5.02213052123 0.0181200504303
-2.07418266908 5.02550975732 0.0151698589325
-2.08233023099 5.02772145795 0.0156848430634
-2.08303160604 5.02536973844 0.0154120922089
-2.08621362042 5.02174504243 0.0156970024109
-2.08577179256 5.01847893135 0.0156941413879
-2.08300428528 5.02020355411 0.0150549411774
-2.08425015448 5.02446900725 0.0156970024109
-2.08619910627 5.02446345772 0.0151138305664
-2.08864922319 5.01918542904 0.0156879425049
-2.09299151595 5.01300581539 0.0156879425049
-2.09513043238 5.01523074951 0.0150079727173
-2.09253666804 5.01552530142 0.0150640010834
-2.09692378392 5.00955358165 0.0155911445618
-2.09668771551 5.00728638573 0.0156638622284
-2.09884818972 5.00987886941 0.0156841278076
-2.10134056844 5.01340324702 0.0150270462036
-2.10477209817 5.01087863835 0.015221118927
-2.10302015465 5.00795702493 0.015547990799
-2.09864584537 5.00573635968 0.0156860351562
-2.09559766001 5.00916810285 0.0156970024109
-2.10135145405 5.01034332227 0.0156469345093
-2.10440625616 5.01035057935 0.0150411128998
-2.10094783256 5.00724369705 0.0150558948517
-2.0944220137 5.00505504831 0.0150420665741
-2.09799164131 5.00890898255 0.0156660079956
-2.09853656234 5.01081417844 0.0154631137848
-2.10056640919 5.00616708848 0.0156679153442
-2.10094377714 5.00094925084 0.0156950950623
-2.09836836893 5.0014657839 0.0156419277191
-2.09241116332 5.00429305533 0.0156471729279
-2.0889728034 5.00880524905 0.0150270462036
-2.08745116532 5.00600487149 0.0156619548798
-2.09244104539 5.00215051036 0.0156598091125
-2.09589135814 4.99921438279 0.0156230926514
-2.09446747714 5.00302050571 0.0156400203705
-2.09367389454 5.00224570612 0.0153369903564
-2.0938437955 4.99731302888 0.0156700611115
-2.09367005256 4.99847117283 0.0155420303345
-2.09194756423 4.99825089923 0.0150630474091
-2.09156955595 5.00122373907 0.0150249004364
-2.0906071396 4.99637217032 0.0152130126953
-2.09017619735 4.99163458036 0.0150570869446
-2.09045623511 4.98870186789 0.0150799751282
-2.08790281158 4.99383817014 0.0156412124634
-2.09158684486 4.99874864927 0.0156469345093
-2.09384955847 4.99435854518 0.0150232315063
-2.0915531208 4.98993130194 0.0156819820404
-2.08856555337 4.99030226659 0.0150771141052
-2.08784069955 4.99654932836 0.015585899353
-2.08948207938 4.99173489876 0.0150110721588
-2.08913181874 4.99029714394 0.0154409408569
-2.08448643633 4.99420401215 0.015652179718
-2.08613251192 4.99873370823 0.0150499343872
-2.08725287639 4.99879219172 0.0156939029694
-2.09115761016 4.9982423615 0.0150289535522
-2.09091193679 4.99689596046 0.01500415802
-2.08840056161 4.99600504766 0.0150058269501
-2.08508407788 4.99854502425 0.0150208473206
-2.08410949527 4.998757187 0.0156669616699
-2.08121755048 4.99572714433 0.0156691074371
-2.08154134414 4.99195004972 0.0153958797455
-2.08060859643 4.99174941292 0.0157120227814
-2.07760459386 4.9959551019 0.0156879425049
-2.07577623759 4.99910296533 0.0156300067902
-2.08028672377 4.99562853348 0.0151579380035
-2.08176844793 4.99582020566 0.0150330066681
-2.08043549382 4.99877981201 0.0156619548798
-2.0778462118 4.99820138036 0.015645980835
-2.08000092304 4.99834182613 0.0150518417358
-2.07955973551 4.99926219412 0.0156338214874
-2.07871044417 4.99487251691 0.0156781673431
-2.08115906699 4.99400593666 0.0157008171082
-2.08366019689 4.99477305228 0.0155739784241
-2.08428387853 4.99443026217 0.0156531333923
-2.08105896203 4.99488703107 0.0150949954987
-2.07670002068 4.99323796727 0.015645980835
-2.08380149642 4.9977983992 0.0156538486481
-2.08173493731 4.99657152647 0.0155930519104
-2.08098532405 4.99559310187 0.0154819488525
-2.08367684547 4.99312911113 0.0156109333038
-2.08348773461 4.99634997221 0.015664100647
-2.08057914124 5.0001697555 0.0156471729279
-2.08181241727 4.99970103377 0.0150101184845
-2.08439892453 4.99435897207 0.0154609680176
-2.08517820643 4.99210500964 0.0155470371246
-2.0832128195 4.9979183544 0.0153188705444
-2.08041329571 4.99953454791 0.0150361061096
-2.08191273568 4.99759178598 0.0156919956207
-2.07988523671 4.99498094617 0.015674829483
-2.07634485084 4.99659244392 0.0150511264801
-2.06618409068 5.00356009065 0.0156488418579
-2.06758769455 5.00840525609 0.0153160095215
-2.07371650867 4.98431987465 0.0156950950623
-2.08259831591 4.96808323433 0.0150761604309
-2.07955503975 4.98650553518 0.0150380134583
-2.07311523858 5.00914974671 0.0153920650482
-2.05977822701 5.01280645924 0.0150270462036
-2.0547021158 4.99866199124 0.0150439739227
-2.064855192 4.99842336151 0.015074968338
-2.08841785053 5.00064957629 0.0151720046997
-2.09074203584 4.98743870978 0.0157160758972
-2.09169228591 4.96612851957 0.015643119812
-2.08157464131 5.01003937885 0.0150170326233
-2.06580160008 5.00314814487 0.0150139331818
-2.06360505394 4.9899163609 0.0157458782196
-2.07508916325 4.99726222935 0.0150461196899
-2.08334195276 5.00447106713 0.0156559944153
-2.09232130364 4.98072121873 0.0150480270386
-2.09058814314 4.96321544388 0.0155971050262
-2.08438611793 4.98516511056 0.0151078701019
-2.0765260643 5.00747592348 0.0156691074371
-2.06138225425 5.00351569442 0.0156919956207
-2.05375186573 4.99462961831 0.0150589942932
-2.0719353234 4.99078550247 0.0157160758972
-2.1025031947 4.99501723155 0.0156860351562
-2.11124647717 4.99855953841 0.0150229930878
-2.11979403203 4.99439781877 0.0156879425049
-2.08545184088 5.01274840263 0.0156440734863
-2.01888204247 4.98747243384 0.0155510902405
-2.00705407582 4.91695798773 0.0150690078735
-2.0926092388 4.86857847718 0.0150129795074
-2.19007155595 4.90308416598 0.0150818824768
-2.23275127364 4.96702668944 0.0151371955872
-2.1717024025 4.98737467675 0.0156359672546
-2.05248358498 4.97274996108 0.0156679153442
-1.97062675598 4.96576097001 0.0156488418579
-2.00209023584 4.94977192405 0.0156171321869
-2.07590537086 4.90975299193 0.0155820846558
-2.15707960782 4.84020715203 0.0150880813599
-2.10540047557 4.88515363875 0.0152320861816
-1.99884482876 4.93706264955 0.015035867691
-1.91086003942 4.92456212271 0.0156900882721
-1.87420924434 4.88539781801 0.0156729221344
-1.91397951488 4.8593188751 0.0156991481781
-1.96311397478 4.83716729096 0.0156481266022
-1.97982339226 4.8272460143 0.0156619548798
-1.97988913283 4.84002572513 0.0151209831238
-1.96112660318 4.87870636706 0.0150680541992
-1.93820491521 4.90939696832 0.0156829357147
-1.93476548807 4.89797048872 0.0150480270386
-1.93587646103 4.87480163329 0.0156960487366
-1.95549447188 4.88870491023 0.0154509544373
-1.95821459471 4.90098516347 0.0156850814819
-1.9616488992 4.90190681212 0.0156581401825
-1.96680611891 4.88863105881 0.0150411128998
-1.97401388948 4.87416258371 0.0150139331818
-1.97315776796 4.87846901798 0.0150671005249
-1.96317608681 4.89290334213 0.0150389671326
-1.92935875302 4.90413473445 0.0156779289246
-1.91473553145 4.8906916415 0.0151219367981
-1.93180246664 4.86358176691 0.0156707763672
-1.94905467071 4.8147117634 0.0156950950623
-1.97178212517 4.78427473291 0.0156989097595
-1.99463743224 4.81439373272 0.0153980255127
-1.94129280104 4.84341691405 0.0156769752502
-1.89817872601 4.85615393619 0.0150279998779
-1.88136899013 4.84666509589 0.0150539875031
-1.91240494284 4.80935433377 0.0150890350342
-1.96938600943 4.79196595281 0.0151159763336
-2.01171226483 4.81955607507 0.0157182216644
-2.01309452436 4.85410189123 0.0150129795074
-1.98058602557 4.84610800858 0.0156500339508
-1.93339262005 4.78903153278 0.0150270462036
-1.87838377058 4.73514048646 0.0156831741333
-1.86664651738 4.69675738464 0.0157189369202
-1.87475822079 4.70925492328 0.0155761241913
-1.89419821983 4.70958704123 0.0156490802765
-1.9110585418 4.70414081914 0.0156908035278
-1.89727927548 4.69800816304 0.0156679153442
-1.873590045 4.69456532081 0.0156810283661
-1.87700385892 4.67591378173 0.0156919956207
-1.90312975939 4.65793587006 0.015604019165
-1.92129208616 4.66338209215 0.0150301456451
-1.92320197781 4.64988819967 0.0156488418579
-1.90969741316 4.6365659157 0.0155348777771
-1.89025122426 4.64380463556 0.0155620574951
-1.86873399394 4.6645274295 0.0154438018799
-1.86413407498 4.67271341122 0.0156829357147
-1.85473872289 4.66812779296 0.0150289535522
-1.85841187056 4.68522418334 0.0150430202484
-1.86390163511 4.68354950634 0.0157170295715
-1.87076874999 4.6553591812 0.0150399208069
-1.871155296 4.63712855253 0.0150239467621
-1.87565788477 4.62671849046 0.0153200626373
-1.87456590828 4.63236236115 0.0150210857391
-1.86762067311 4.64665709331 0.0150330066681
-1.85326681712 4.66004554474 0.0150508880615
-1.83792215682 4.66811840145 0.0150170326233
-1.84301897205 4.65831494556 0.0154838562012
-1.85742682922 4.63457576933 0.0150439739227
-1.86264914917 4.61171512618 0.0154891014099
-1.86696582872 4.5940970801 0.0150048732758
-1.85681638106 4.58654289088 0.0151281356812
-1.84354703105 4.58886857029 0.0151069164276
-1.81718356807 4.61183166628 0.0156729221344
-1.81523675071 4.6136096499 0.0155839920044
-1.81995299633 4.60132043203 0.0156898498535
-1.81193243326 4.59546141038 0.0150110721588
-1.81108335537 4.59727354495 0.0150139331818
-1.81408436973 4.61084470394 0.0156450271606
-1.81159647333 4.60894420381 0.0157029628754
-1.80774680796 4.59346742203 0.0155889987946
-1.8003783145 4.58488870444 0.01500415802
-1.7957958979 4.57317663756 0.0156438350677
-1.78356324254 4.57895540448 0.0150618553162
-1.77937420215 4.58776250653 0.0153801441193
-1.76955078929 4.58577662903 0.0152981281281
-1.76971588777 4.57723376992 0.0152008533478
-1.77714980163 4.55267966674 0.0152761936188
-1.77537790115 4.54988014296 0.01527094841
-1.78092262737 4.54903832214 0.0151779651642
-1.77941048753 4.55064512415 0.0156679153442
-1.77760955874 4.55401496873 0.0152177810669
-1.77835362247 4.55439062913 0.0152039527893
-1.77543158217 4.55287005827 0.0151979923248
-1.76774665886 4.55042570432 0.015303850174
-1.76655959332 4.54604072287 0.0151269435883
-1.76733556685 4.54773119469 0.0152051448822
-1.77016315844 4.54875828439 0.015340089798
-1.76310063612 4.54371803167 0.0152628421783
-1.75633149176 4.53121622416 0.0152540206909
-1.7534155346 4.51901281055 0.015398979187
-1.75359290607 4.50383186135 0.0152721405029
-1.75722336506 4.50146818901 0.0157308578491
-1.75771449835 4.49978881625 0.0154011249542
-1.74727412732 4.49835319586 0.0155651569366
-1.74431281342 4.49509049987 0.0153629779816
-1.74122567464 4.49446383001 0.0152039527893
-1.73976625531 4.49315328747 0.0152130126953
-1.74129130849 4.48693311957 0.0152649879456
-1.74042174003 4.47758173682 0.0153341293335
-1.73830032596 4.46886342723 0.0151829719543
-1.73937885552 4.46378731602 0.0151700973511
-1.73827759424 4.45779040993 0.0151760578156
-1.72924008003 4.45216745669 0.0151300430298
-1.73472482865 4.42211377057 0.0155911445618
-1.72158098337 4.4190675062 0.0151479244232
-1.71595237389 4.41941541896 0.0152220726013
-1.71532453009 4.42375002776 0.0153300762177
-1.71556999001 4.42478010567 0.0153789520264
-1.71276662425 4.42071272802 0.0151801109314
-1.70942111221 4.41086999854 0.0150320529938
-1.70651806837 4.38796453227 0.0152840614319
-1.70436410418 4.37393062796 0.0152490139008
-1.70689170106 4.37191230706 0.0151739120483
-1.7052836184 4.37906650333 0.0152020454407
-1.70230939118 4.3816525837 0.0150089263916
-1.70241856749 4.38248074414 0.0151751041412
-1.70189829917 4.37284249345 0.0151309967041
-1.70150716412 4.37017359703 0.0157649517059
-1.6975967741 4.37073239188 0.0151391029358
-1.69404219425 4.37707849139 0.0153088569641
-1.69220700779 4.36449899049 0.0152740478516
-1.69377987229 4.34399305505 0.0152168273926
-1.697445336 4.33655369839 0.0151808261871
-1.69610608531 4.33427924539 0.0152480602264
-1.68875626816 4.33422161567 0.0151770114899
-1.68863556591 4.32019838353 0.0151870250702
-1.6921573822 4.3105225668 0.015084028244
-1.70174280565 4.31440681 0.0152859687805
-1.69936931491 4.30801887558 0.0151898860931
-1.70294363828 4.30207234213 0.0152668952942
-1.70383295026 4.31216992305 0.0152990818024
-1.70701784612 4.31727335502 0.0152139663696
-1.70030035507 4.31461939964 0.0166389942169
-1.69368446309 4.31495066381 0.0152099132538
-1.69342971838 4.31975484812 0.0151550769806
-1.69550417489 4.31995249672 0.0156540870667
-1.69795173049 4.31197526266 0.0150189399719
-1.69591313247 4.31192787822 0.0155701637268
-1.6953945717 4.31794954375 0.0151929855347
-1.69001142214 4.3187251971 0.0151839256287
-1.68659397968 4.31240086882 0.0152218341827
-1.69043670814 4.30700971513 0.0152151584625
-1.69596350511 4.30473355459 0.0154759883881
-1.69364871132 4.30073789393 0.0152580738068
-1.68353181377 4.30278268181 0.0152640342712
-1.67070482523 4.31322902926 0.015193939209
-1.67023695728 4.32139964305 0.0151979923248
-1.68236534553 4.31222114947 0.0153818130493
-1.69792280891 4.29468122368 0.0151450634003
-1.71135074738 4.28516677016 0.0157017707825
-1.70855613279 4.28524617111 0.0151481628418
-1.69047213974 4.29534545958 0.0151879787445
-1.67114985475 4.30024526653 0.0151889324188
-1.65493968141 4.30284073842 0.015193939209
-1.65830493696 4.28870950391 0.0153141021729
-1.66509766681 4.29110775408 0.0151679515839
-1.67401447877 4.29185309848 0.0151739120483
-1.68426787338 4.28785701092 0.0151839256287
-1.68904793858 4.28309466153 0.0152678489685
-1.67951640959 4.28791848263 0.0151610374451
-1.66175674381 4.29456511046 0.01527094841
-1.6436807549 4.29335403255 0.0151159763336
-1.63751085292 4.28843373502 0.0156280994415
-1.6457816784 4.27926975559 0.0151379108429
-1.65966798659 4.26154626847 0.0152139663696
-1.68158510314 4.24134726466 0.0152750015259
-1.68306117105 4.2343224151 0.0152218341827
-1.67004048261 4.23743527381 0.0151469707489
-1.64794033834 4.24276837089 0.0181210041046
-1.64822773989 4.2423145902 0.0151770114899
-1.64995300299 4.23811060876 0.0151829719543
-1.65357065537 4.23736014173 0.0153548717499
-1.65475302515 4.23302595981 0.015643119812
-1.65679119629 4.2318827569 0.015242099762
-1.65840728308 4.23621523127 0.015300989151
-1.65751829127 4.23723890587 0.0151190757751
-1.65740025706 4.23332051172 0.0152070522308
-1.65947802195 4.23205521918 0.0151600837708
-1.6587894535 4.24248150295 0.0152380466461
-1.65925785507 4.24513204323 0.015515089035
-1.6616843865 4.2287566647 0.0153539180756
-1.65750249645 4.22473539082 0.0159089565277
-1.65668970394 4.22981064826 0.015615940094
-1.65483936301 4.23577895294 0.0152161121368
-1.6539739567 4.23280099046 0.015202999115
-1.65230920481 4.22965739589 0.0153720378876
-1.65073623359 4.22410957474 0.0153589248657
-1.65143750191 4.22571979184 0.0153110027313
-1.64894736435 4.22853084157 0.015303850174
-1.64881705715 4.2333375872 0.0151619911194
-1.64704867849 4.23352627117 0.0153369903564
-1.64750918265 4.22911439585 0.0152499675751
-1.64805474401 4.22075637874 0.0151679515839
-1.64707610596 4.22907939113 0.0151720046997
-1.64316358151 4.23035492896 0.0151770114899
-1.6373381772 4.22630548056 0.0150079727173
-1.63779057051 4.22104794244 0.0152888298035
-1.63828554578 4.22027442352 0.0152759552002
-1.63128705648 4.22114271132 0.0151770114899
-1.62225679935 4.22393668558 0.015252828598
-1.62011724259 4.22532449464 0.0152730941772
-1.62609792698 4.22325622798 0.0152280330658
-1.64362248484 4.22435119268 0.0152320861816
-1.66045484572 4.22403102756 0.0151960849762
-1.65956745474 4.22245069255 0.0152151584625
-1.64006907893 4.23158009414 0.0153799057007
-1.59652961118 4.24242259257 0.0152318477631
-1.60524397206 4.2459883782 0.0156419277191
-1.63423438983 4.23113997383 0.0151879787445
-1.66221586059 4.21248672721 0.0152418613434
-1.6610014743 4.20874677175 0.0152971744537
-1.6410896586 4.22122083161 0.0151979923248
-1.62072118072 4.22081998488 0.0152921676636
-1.621799817 4.20623625034 0.01522397995
-1.63423065457 4.20130656131 0.0151970386505
-1.63667105982 4.2226240086 0.0151460170746
-1.6092842424 4.23799022668 0.0153210163116
-1.58637493415 4.22293350154 0.015193939209
-1.594338828 4.21209356444 0.0152788162231
-1.63892021977 4.22211345196 0.0150969028473
-1.70567635428 4.19922335361 0.0152089595795
-1.66182024323 4.19034410769 0.0159821510315
-1.59429058979 4.19273680833 0.015289068222
-1.54300547408 4.19535063635 0.0152039527893
-1.54353833555 4.17967705976 0.0151538848877
-1.57403448987 4.17224111818 0.0151491165161
-1.61070833684 4.18269216139 0.0151159763336
-1.64262602428 4.1935218532 0.0151131153107
-1.65633634838 4.19615190292 0.0156190395355
-1.65347844782 4.18894904155 0.0151660442352
-1.6411407783 4.18296238075 0.0156710147858
-1.62479613561 4.17521096981 0.0151889324188
-1.58105432351 4.16919570759 0.0153179168701
-1.57991773734 4.18001344657 0.0151629447937
-1.58930135004 4.19504413161 0.0154490470886
-1.60291252968 4.19759947614 0.0155191421509
-1.61608348228 4.18829590471 0.0151810646057
-1.61259976563 4.17154913464 0.0152490139008
-1.60433320903 4.16956026893 0.015251159668
-1.59925837847 4.18064950794 0.0153911113739
-1.59722426276 4.19363668576 0.0152099132538
-1.60554876925 4.19431671647 0.0152409076691
-1.60892597763 4.17747090865 0.0150899887085
-1.60793303888 4.16259817174 0.0152621269226
-1.60640734538 4.16097728247 0.0153930187225
-1.61173798786 4.1801065079 0.015202999115
-1.61441158003 4.17321356637 0.0151920318604
-1.61292761471 4.16443591951 0.0151498317719
-1.59598714475 4.17680923408 0.0151798725128
-1.59640933581 4.14847547497 0.0152850151062
-1.6040828399 4.07526054282 0.0152189731598
-1.6549691366 3.93995705668 0.0152308940887
-1.71004756863 3.77979253574 0.0153911113739
-1.69795663969 3.66991058681 0.0150518417358
-1.6428011546 3.55684086052 0.0152180194855
-1.59307684383 3.31756716762 0.0156419277191
-1.55528359288 2.91975517913 0.0151009559631
-1.58969088427 2.45308997461 0.0151500701904
-1.66377218323 2.00559049434 0.0153820514679
-1.59891718918 1.18627995493 0.015191078186
-1.44376773463 0.724312426454 0.0151708126068
-1.29794010093 0.266718193398 0.0151779651642
-1.22999476644 -0.182820671966 0.0152411460876
-1.25067156333 -0.556438969817 0.0152299404144
-1.26354134727 -0.816221372917 0.0152981281281
-1.2404239317 -1.03415872879 0.0157070159912
-1.08164786015 -1.24793810028 0.0152449607849
-0.862168002102 -1.55408564174 0.0151798725128
-0.715950940889 -1.95113424986 0.0151650905609
-0.698128789549 -2.39138647254 0.01527094841
-0.743718221186 -2.78312556908 0.0153470039368
-0.734477722291 -3.11651713431 0.0153040885925
-0.483964045977 -3.58963238528 0.0152959823608
-0.367713612654 -3.698387353 0.0150680541992
-0.30554475058 -3.69867720916 0.0154030323029
-0.28085479067 -3.56731580939 0.0150270462036
-0.26133963287 -3.3509768245 0.0151209831238
-0.310273482642 -3.16321748554 0.0152668952942
-0.416699329174 -3.08433819214 0.0152270793915
-0.515307090387 -3.0710568893 0.0151839256287
-0.636202185748 -3.1162712475 0.0153551101685
-0.741744243155 -3.14159332007 0.0151560306549
-0.840244749053 -3.12920698546 0.0151720046997
-0.925534922045 -3.1147711672 0.0152370929718
-0.9802324643 -3.09695867418 0.015233039856
-1.0355418421 -3.06024277885 0.0151898860931
-1.02931868599 -2.80116260457 0.015319108963
-0.966446794678 -2.68015321026 0.0152208805084
-0.864897409728 -2.5975339614 0.0150551795959
-0.781698341839 -2.53250970673 0.0151948928833
-0.727559487713 -2.42359999254 0.0152080059052
-0.750016722818 -2.27126692381 0.0151391029358
-0.866028873252 -2.11323875797 0.015289068222
-0.978061958248 -1.96923745282 0.0152540206909
-1.02693985917 -1.81850456934 0.0151331424713
-0.964496882391 -1.62598949773 0.0151779651642
-0.828613737309 -1.42758189385 0.0151450634003
-0.712930343089 -1.24990274016 0.0156290531158
-0.563989103614 -0.819315608693 0.0151660442352
-0.561668386761 -0.552506061515 0.0158789157867
-0.616264436674 -0.341230061075 0.0150718688965
-0.739224650403 -0.192888771009 0.0151720046997
-0.829672469992 -0.0970168007135 0.0151550769806
-0.881295466625 0.0326132761678 0.0151681900024
-0.934510110779 0.216088935928 0.015280008316
-0.911572734721 0.407761839883 0.0152339935303
-0.818850088613 0.563359018663 0.0151801109314
-0.77885981127 0.616053181058 0.0152320861816
-0.815802330139 0.579129765374 0.0153138637543
-0.914197448353 0.542339805183 0.0153799057007
-1.0444136175 0.520974012964 0.0152320861816
-1.1253436752 0.495960632924 0.0151219367981
-1.0090032488 0.623465270328 0.0152068138123
-0.997095347587 0.711455822641 0.0151340961456
-0.989047677198 0.771297457837 0.0150940418243
-0.96972411154 0.8425575685 0.0152440071106
-0.957290819374 0.925238876033 0.01531291008
-0.948652977951 0.992368429795 0.0151970386505
-0.946324523774 1.03545368997 0.0151789188385
-0.943329699267 1.07543857786 0.015517950058
-0.923812326992 1.1431619312 0.0152471065521
-0.900978791153 1.20846963872 0.0154550075531
-0.89504186266 1.25125586467 0.0150780677795
-0.900497369538 1.29265919076 0.0152850151062
-0.886099384129 1.34649250064 0.0153691768646
-0.863760236592 1.4042261687 0.0151839256287
-0.858691382454 1.50010847099 0.0152549743652
-0.853512391516 1.53737782509 0.0152089595795
-0.848680726369 1.58173467438 0.0152809619904
-0.840066683887 1.61394147092 0.0152440071106
-0.834676437332 1.6322454174 0.0152101516724
-0.835526315636 1.64901182426 0.0152521133423
-0.826604274311 1.67121837008 0.0152010917664
-0.821062162769 1.71106622731 0.0152080059052
-0.817861898978 1.76160407764 0.015191078186
-0.813245171347 1.80961827979 0.0154640674591
-0.810162888401 1.85712309924 0.0152978897095
-0.800556921025 1.89304840017 0.0152540206909
-0.786258560327 1.98306730522 0.0153429508209
-0.77752466937 2.02894589932 0.0151340961456
-0.776136113256 2.0674969811 0.0151810646057
-0.779943356749 2.09677053155 0.01522397995
-0.776629861227 2.12833795835 0.0151588916779
-0.770057565059 2.1747187848 0.0152199268341
-0.764963204434 2.21935556513 0.0152471065521
-0.76479026191 2.25285593546 0.0151681900024
-0.767905842028 2.28234911918 0.0150270462036
-0.768119925769 2.32384870825 0.0152201652527
-0.757315153472 2.36453529136 0.0156638622284
-0.744211702353 2.40207059594 0.0151698589325
-0.730485476721 2.44261502574 0.0153279304504
-0.712024969498 2.50053865844 0.0153830051422
-0.710816826428 2.60068203828 0.0151808261871
-0.717712329282 2.62609866629 0.0151569843292
-0.713975949002 2.67113159759 0.0151460170746
-0.686218860627 2.70956443172 0.0153729915619
-0.676110234017 2.75349300681 0.0151760578156
-0.686174731202 2.80234465419 0.0154418945312
-0.679592616637 2.85195274501 0.0150129795074
-0.673597578176 2.89363845674 0.0152840614319
-0.688756062461 2.91858166726 0.0152089595795
-0.681498025972 2.92084203298 0.0151870250702
-0.674341215022 2.94113858043 0.0151159763336
-0.662042178761 2.98269707988 0.0155820846558
-0.658674788778 3.01237830725 0.0152041912079
-0.661730818184 3.02901664807 0.0152010917664
-0.660817280382 3.06966993401 0.0170860290527
-0.65076110749 3.10786392496 0.0151591300964
-0.642709221593 3.1442666988 0.0154581069946
-0.637323884237 3.1741122776 0.0151119232178
-0.6431325866 3.20907238742 0.0153551101685
-0.72826502491 3.24460943478 0.0151629447937
-0.810737584787 3.24977113681 0.0151240825653
-0.898823546305 3.2618230056 0.0152099132538
-0.908825931457 3.27886987711 0.0151579380035
-0.878459497377 3.3430785645 0.015193939209
-0.865960731443 3.39932752019 0.015291929245
-0.881101126399 3.41819933287 0.0150990486145
-0.883624134245 3.44298971791 0.0152261257172
-0.874557911896 3.5286580059 0.0151779651642
-0.866615362387 3.53217832809 0.0159070491791
-0.855837910846 3.54617616046 0.0150029659271
-0.852253608996 3.57996254497 0.0152251720428
-0.853696753263 3.60336576127 0.0153210163116
-0.853219600516 3.61824404772 0.015193939209
-0.854652873025 3.65322614221 0.0152399539948
-0.8401087856 3.67422470504 0.0152089595795
-0.831719819195 3.64931585891 0.0151979923248
-0.855953383731 3.59201740196 0.0152220726013
-0.873958295992 3.54015769659 0.0154900550842
-0.870440428404 3.51473060985 0.0152719020844
-0.87475902895 3.49435679589 0.0152640342712
-0.888389898739 3.41894168906 0.0152020454407
-0.890681213762 3.35911563523 0.0156779289246
-0.902553576643 3.30603076467 0.0151691436768
-0.905378713639 3.27628422362 0.0151078701019
-0.887733773692 3.26404922038 0.0153048038483
-0.890947697861 3.23678886819 0.0152530670166
-0.912638457675 3.16743811556 0.0151741504669
-0.93174228334 3.09771703862 0.0152060985565
-0.942627363721 3.06804114733 0.0151889324188
-0.938002792044 3.0696507241 0.0151879787445
-0.934822165047 3.0634403746 0.0152661800385
-0.947817346995 3.02258730562 0.0152380466461
-0.972998440196 2.99512759728 0.0152199268341
-0.975485909714 3.03863782329 0.0151720046997
-0.922063264956 3.28346296588 0.0152270793915
-0.91916118161 3.35173582927 0.0158591270447
-0.920855922298 3.35393664429 0.0153698921204
-0.931212089905 3.30759807964 0.0151760578156
-0.958225808238 3.26561055894 0.0152359008789
-0.968381872647 3.26568291625 0.0153138637543
-0.961063004786 3.33664986239 0.0157070159912
-0.934673181546 3.45062373496 0.0153610706329
-0.906473998505 3.50659500078 0.0152950286865
-0.917555340103 3.47079712557 0.0151150226593
-0.955833534481 3.38723467027 0.0156648159027
-0.960985738271 3.31988388241 0.0151979923248
-0.954047546735 3.28446337515 0.0152688026428
-0.975348879044 3.1863549648 0.0151951313019
-0.987692845143 3.12540427763 0.0152390003204
-0.994555797877 3.11521982525 0.015233039856
-0.983712659126 3.17739759859 0.0152599811554
-0.946527721902 3.26933685401 0.0152220726013
-0.931333539207 3.34216054439 0.0152518749237
-0.934301149679 3.37212458428 0.0152180194855
-0.931586576371 3.34508642667 0.0152099132538
-0.949242188489 3.28387427133 0.0152649879456
-0.98067226445 3.24891864382 0.015084028244
-0.973103134189 3.23937815021 0.01522397995
-0.968051462246 3.2197962113 0.0154287815094
-0.999170551156 3.18671547072 0.0151658058167
-0.96775701706 3.3290717675 0.0151879787445
-0.930672931848 3.4282964869 0.0153138637543
-0.936357036619 3.42405152433 0.0152599811554
-0.96502419434 3.3212369002 0.0154399871826
-0.999945030575 3.20909287799 0.015242099762
-1.0201986759 3.16530325456 0.015233039856
-1.00227828723 3.17732758915 0.0151720046997
-0.994463910488 3.23879331526 0.0150830745697
-0.980572372933 3.31969711943 0.0152180194855
-0.958273833005 3.38237691166 0.0156528949738
-0.957247810526 3.37400864927 0.0151560306549
-0.994637013095 3.28303245052 0.0152630805969
-1.03406033138 3.16709553889 0.0152978897095
-1.03923612066 3.18382395282 0.0152080059052
-1.00220166104 3.31956777272 0.0151720046997
-0.973328210266 3.42625191246 0.0152130126953
-0.978902391681 3.43963865635 0.0152339935303
-1.00754617735 3.38799388848 0.0152339935303
-1.03727831097 3.33461852144 0.0152270793915
-1.05331378087 3.31470702591 0.0156290531158
-1.05892435439 3.31516208726 0.0152559280396
-1.06708440273 3.32258906421 0.0151009559631
-1.06926846244 3.3209404273 0.0152039527893
-1.06750766102 3.31357940436 0.0153729915619
-1.07257683532 3.29780572281 0.0152268409729
-1.07869721843 3.26858574665 0.0151381492615
-1.08369670346 3.2336766498 0.0151770114899
-1.09604867368 3.16435385826 0.0152349472046
-1.10229552201 3.12027416524 0.015095949173
-1.11469583717 3.12024833859 0.0156099796295
-1.10237321541 3.20268381267 0.0152339935303
-1.05608534357 3.31209106345 0.0153028964996
-1.0199385951 3.33780096271 0.0151648521423
-1.03180306058 3.2493777606 0.0153450965881
-1.06957656801 3.10993496638 0.0153870582581
-1.09214842222 3.04249026342 0.015172958374
-1.06619541093 3.08660090574 0.0151658058167
-1.02419775166 3.1835607771 0.0152900218964
-0.994267649271 3.24820147396 0.0153889656067
-0.987383138753 3.26613136086 0.01522397995
-0.99031414368 3.28442260746 0.015202999115
-0.940759627148 3.39905047065 0.0179131031036
-0.923666758585 3.43774519984 0.0156841278076
-0.903937970611 3.4130246108 0.0152230262756
-0.897755582195 3.34627338549 0.0152080059052
-0.910340952793 3.27600738751 0.01522397995
-0.922165717793 3.23283995163 0.0152499675751
-0.916843079439 3.25071647768 0.0152552127838
-0.887420972372 3.33333188456 0.0151898860931
-0.852575054774 3.39823831847 0.0151669979095
-0.845575658339 3.40216930578 0.0152590274811
-0.858979957946 3.32229856773 0.0151898860931
-0.887890281073 3.19099052881 0.0151188373566
-0.920246861523 3.07543333301 0.0151710510254
-0.899197178997 3.1066039685 0.0184509754181
-0.861547148579 3.19500027674 0.0151169300079
-0.849674732337 3.23860890016 0.0151138305664
-0.864814807127 3.24383100666 0.0152900218964
-0.863364619228 3.25287460401 0.0151460170746
-0.843797461278 3.29504910114 0.0152549743652
-0.820050280916 3.34799181839 0.0152249336243
-0.807111608111 3.37521609865 0.0152261257172
-0.799631643835 3.39042116696 0.0151979923248
-0.795901293332 3.40701596532 0.015153169632
-0.792875252725 3.44746199771 0.0152390003204
-0.782788183899 3.5001684331 0.0152959823608
-0.769160889288 3.4972105343 0.0153079032898
-0.823791570394 3.34095288157 0.0153510570526
-0.827776238723 3.28438312043 0.0151641368866
-0.82081259406 3.24489779683 0.0151829719543
-0.834550185554 3.20875030131 0.0152189731598
-0.837301257686 3.1494081237 0.0154731273651
-0.845628325501 3.10247789391 0.0153548717499
-0.855759843918 3.14628373904 0.0154120922089
-0.811395310659 3.24502372845 0.0152039527893
-0.775095629985 3.31919467363 0.0152320861816
-0.78926117552 3.3542975771 0.0151929855347
-0.791121815099 3.35250721376 0.0150210857391
-0.776045880053 3.30898738281 0.015233039856
-0.792908656619 3.23291166861 0.01518201828
-0.822858555882 3.15079998819 0.0152130126953
-0.796800637146 3.18293581479 0.0152158737183
-0.764080936092 3.27229389904 0.0151488780975
-0.743175754755 3.32707073552 0.0151200294495
-0.751096693119 3.35695836267 0.0151917934418
-0.753840721618 3.39167642766 0.0151970386505
-0.727533714421 3.41423056608 0.0154340267181
-0.724220912591 3.37464535097 0.0152189731598
-0.757699031447 3.26795203316 0.0152428150177
-0.783691262973 3.15822269627 0.0156350135803
-0.787714991446 3.11080602894 0.0151870250702
-0.782058687679 3.15176411208 0.0153210163116
-0.752493573526 3.23881594026 0.0153930187225
-0.725477987564 3.3009386452 0.0152909755707
-0.733726188039 3.34924152957 0.0152668952942
-0.709269895303 3.4487776629 0.0152668952942
-0.702327274816 3.50170181057 0.0152039527893
-0.696572733718 3.51097998223 0.0151529312134
-0.701996811054 3.4584479301 0.0152869224548
-0.731656533998 3.39623002941 0.0151858329773
-0.741965850777 3.36924587299 0.015084028244
-0.730316162735 3.36396592331 0.0152199268341
-0.739924157824 3.33815271745 0.0150430202484
-0.760415525746 3.28418547183 0.0151491165161
-0.768305674898 3.22799371897 0.0151469707489
-0.776765557876 3.19592043129 0.0154159069061
-0.778595354883 3.17644713508 0.0152299404144
-0.77643231935 3.15049540444 0.01527094841
-0.79895684249 3.05468983505 0.0180699825287
-0.8143258887 3.04761482629 0.0151789188385
-0.791294010571 3.13206883472 0.015252828598
-0.745233562686 3.23324293279 0.0152740478516
-0.733950730508 3.29110552067 0.0156271457672
-0.747789280735 3.32713562232 0.0152518749237
-0.736174010443 3.3647259953 0.0151760578156
-0.717404543882 3.40956597376 0.0153551101685
-0.717416763518 3.43159312039 0.0151209831238
-0.716747298257 3.38215407674 0.0151970386505
-0.734826648908 3.28288773588 0.0151689052582
-0.761302062956 3.19804419323 0.0152950286865
-0.758878893266 3.15911126119 0.0155999660492
-0.738752406855 3.24909345397 0.0153970718384
-0.703843363368 3.28762105698 0.0154669284821
-0.692349489016 3.27207789431 0.0151960849762
-0.710059102317 3.200892809 0.0151491165161
-0.738473169512 3.14381804075 0.0151929855347
-0.727702494799 3.19448438401 0.0152518749237
-0.681448613822 3.30323166777 0.0153810977936
-0.661082163656 3.34622856237 0.0152070522308
-0.692275317431 3.30861086863 0.0151689052582
-0.767857550456 3.24248652661 0.0152161121368
-0.892134656673 3.20055535497 0.0152111053467
-1.00087382958 3.22524499471 0.0154349803925
-0.978996840391 3.28558587405 0.0151429176331
-0.928927391628 3.40196077156 0.0151419639587
-0.934876913282 3.41889985415 0.0156149864197
-0.911813605611 3.42585512116 0.0157108306885
-0.924953075305 3.37989648578 0.0152688026428
-0.964428687221 3.27955054814 0.0152201652527
-0.980592436614 3.19358386626 0.0152089595795
-0.975014199774 3.17910642654 0.0151650905609
-0.942262802374 3.24736477578 0.0152978897095
-0.901469710999 3.34856341985 0.0151739120483
-0.890867816665 3.40496840268 0.0151989459991
-0.912887546136 3.40563519989 0.0152261257172
-0.912735360983 3.35979097018 0.0152680873871
-0.913449435917 3.28091082301 0.0151650905609
-0.942722132596 3.19513453265 0.0156121253967
-0.952239681039 3.09923590193 0.0152881145477
-0.954370486617 3.13961171144 0.0150709152222
-0.92804661739 3.20729355003 0.0151770114899
-0.90297758198 3.24483696546 0.0151209831238
-0.915552173686 3.25992869532 0.0152440071106
-0.920518254821 3.28412741522 0.0152850151062
-0.898031244361 3.33098891623 0.0152502059937
-0.892859243694 3.37146269626 0.0151700973511
-0.899159079348 3.38771214318 0.015233039856
-0.887806397813 3.36699596598 0.015154838562
-0.883447403101 3.31456572637 0.0152099132538
-0.902315480518 3.24419450079 0.015095949173
-0.911307851447 3.17860611518 0.015280008316
-0.925104406684 3.16893414043 0.0155730247498
-0.875778648128 3.28351782084 0.0151960849762
-0.868027450637 3.3255764182 0.0151708126068
-0.879670521933 3.33189477007 0.0151739120483
-0.88199337322 3.31528417689 0.0152368545532
-0.896660724215 3.32613329206 0.0152540206909
-0.894991756819 3.37349083555 0.0155370235443
-0.871804118361 3.41422138801 0.015153169632
-0.87728160991 3.42921749522 0.0151560306549
-0.887832224465 3.39625201408 0.0156190395355
-0.900059063492 3.32288425645 0.015251159668
-0.934740522942 3.25629204647 0.0152070522308
-0.951227745825 3.21502660483 0.0151829719543
-0.946718113425 3.18796582222 0.015349149704
-0.952129437517 3.29058044988 0.0154159069061
-0.908963389014 3.37548204914 0.0152559280396
-0.910933791868 3.39583921452 0.0153288841248
-0.948602818749 3.34580103522 0.0152590274811
-0.968880156291 3.25536121976 0.0152299404144
-0.989126864704 3.18703563584 0.0152678489685
-0.99741273794 3.15599306639 0.0153520107269
-0.984549143856 3.18666616529 0.0156078338623
-0.958286319445 3.2628594868 0.0151751041412
-0.935244783002 3.30368096615 0.0153570175171
-0.945385479485 3.2982432818 0.0152502059937
-0.951616212834 3.27444263386 0.0153908729553
-0.939980772139 3.2210096371 0.0152168273926
-0.985962352684 3.10153212616 0.0151698589325
-0.967842501146 3.15547546612 0.015242099762
-0.914531594013 3.24044899581 0.0151479244232
-0.906791068693 3.28148263791 0.0152189731598
-0.926666385569 3.28563944835 0.0153958797455
-0.92099434035 3.28586484459 0.0152261257172
-0.920622095041 3.30277191066 0.0151481628418
-0.906304631158 3.3297861626 0.0150499343872
-0.8936629115 3.36713022189 0.0151371955872
-0.882397261516 3.39618904827 0.0152149200439
-0.876947357528 3.39517177697 0.0151989459991
-0.880179531109 3.35579402886 0.0152599811554
-0.908894126627 3.28143461314 0.015300989151
-0.933344496309 3.20483468193 0.015193939209
-0.911328875623 3.17490692742 0.0153379440308
-0.8963882637 3.23140838667 0.0151360034943
-0.868719487538 3.29059197582 0.0151720046997
-0.863281696463 3.32934689606 0.0150620937347
-0.865180435691 3.34160516463 0.0152380466461
-0.862340571101 3.31295209418 0.0152978897095
-0.878800633309 3.25378259228 0.0151510238647
-0.904476488338 3.20661053111 0.0153181552887
-0.9036670042 3.2398206184 0.0151510238647
-0.866568778362 3.34142629905 0.0152080059052
-0.834650450597 3.42104111845 0.0151760578156
-0.837259689582 3.4333518941 0.0151860713959
-0.849079118497 3.38978788036 0.0151290893555
-0.867995167321 3.27101900154 0.0155560970306
-0.883165230911 3.21664664032 0.0151181221008
-0.889570507609 3.18711290235 0.0150461196899
-0.887722461191 3.21982908159 0.0151889324188
-0.853688695774 3.2935650291 0.0151779651642
-0.826064582645 3.34896298592 0.015273809433
-0.831651517304 3.33366699071 0.0154340267181
-0.855827025232 3.25517402988 0.015221118927
-0.875241944669 3.16401555046 0.0151607990265
-0.88481749636 3.12592273168 0.0152201652527
-0.868874447455 3.14338731195 0.0154438018799
-0.845898491499 3.19553858102 0.0152339935303
-0.825792335574 3.24903518392 0.0152590274811
-0.801100668115 3.32920858473 0.0153729915619
-0.787950046003 3.35018644355 0.0156259536743
-0.7835065277 3.34460255046 0.0156850814819
-0.781111852705 3.34329307513 0.0151770114899
-0.774265975444 3.34740314146 0.0152769088745
-0.759794191975 3.36009149851 0.0152151584625
-0.74880249661 3.36349442682 0.0152289867401
-0.751500794858 3.3381819592 0.0152478218079
-0.762364851063 3.26941454742 0.0152769088745
-0.782355854269 3.19740919908 0.0152721405029
-0.78772897199 3.14885487838 0.0155739784241
-0.770952106397 3.20899661501 0.0152440071106
-0.745196210089 3.26791062514 0.015636920929
-0.725113372856 3.27596064341 0.0152258872986
-0.735125629767 3.26910121249 0.0150661468506
-0.730876985298 3.29287411278 0.0151960849762
-0.706001489702 3.33678603929 0.0151760578156
-0.692624190687 3.36757482452 0.0152440071106
-0.695711169387 3.36142722738 0.0151448249817
-0.700426027627 3.31964952154 0.0152599811554
-0.712737390245 3.26651940098 0.0152609348297
-0.727129399239 3.23220943979 0.0152311325073
-0.728564432656 3.25142596358 0.0151550769806
-0.709513914483 3.32578986161 0.0154161453247
-0.681094617924 3.38691471859 0.0151979923248
-0.691262848608 3.37258412794 0.0151748657227
-0.702922034882 3.29550373561 0.0151669979095
-0.733164991949 3.20464941305 0.0151469707489
-0.762304446578 3.18166177106 0.015212059021
-0.731421959689 3.25003431253 0.0153019428253
-0.683218539952 3.32497066579 0.0152990818024
-0.690286078196 3.34296543949 0.0150980949402
-0.710597673405 3.32620949136 0.0153360366821
-0.701534545985 3.29397121192 0.0153679847717
-0.712307034967 3.24025860428 0.0151269435883
-0.739199250637 3.20951976481 0.0155889987946
-0.72710570702 3.24695560476 0.0153532028198
-0.691249668477 3.33829913963 0.0153350830078
-0.690061642448 3.40908978151 0.0152990818024
-0.694433016878 3.37721456931 0.0158948898315
-0.700441929161 3.31189469552 0.0152320861816
-0.739121130348 3.24183168223 0.0152449607849
-0.821338091739 3.19018029762 0.015417098999
-0.893908318062 3.18404593397 0.0152978897095
-0.884928647016 3.23895339782 0.0152080059052
-0.834308834417 3.32635783453 0.0152151584625
-0.843784708034 3.38154149415 0.0152418613434
-0.866969731811 3.37382103251 0.0151920318604
-0.863328173766 3.31598213685 0.0152039527893
-0.88472806357 3.22360382832 0.0152158737183
-0.922137329819 3.12596029772 0.0152170658112
-0.930362585127 3.07602606536 0.0151960849762
-0.885514229016 3.19509568594 0.0153889656067
-0.862196229994 3.25612299929 0.0152328014374
-0.875303789898 3.27890168017 0.0152292251587
-0.894156392667 3.29188651012 0.015252828598
-0.876291285841 3.32323216921 0.0153169631958
-0.858108361775 3.37497533448 0.015300989151
-0.855686045858 3.4024521183 0.0150821208954
-0.857994009468 3.39681315681 0.0152962207794
-0.86312881762 3.37231476236 0.0156638622284
-0.877271951596 3.32909396562 0.0151169300079
-0.894445448407 3.28632929745 0.0151739120483
-0.905434635813 3.24609777569 0.0151991844177
-0.915315038056 3.21073447127 0.0151648521423
-0.925269611884 3.21843422889 0.015202999115
-0.877748517373 3.3799816497 0.0151920318604
-0.880554657905 3.41982598511 0.0151200294495
-0.896576947676 3.42572684167 0.0152170658112
-0.892058190571 3.38134021701 0.0151569843292
-0.915598064019 3.30675348406 0.0150110721588
-0.948191299852 3.26187679334 0.0153651237488
-0.936465572594 3.24475372253 0.015300989151
-0.919502050739 3.22507146522 0.0152041912079
-0.939598388267 3.17423095213 0.0152521133423
-0.959169121395 3.12157659694 0.0151581764221
-0.960744547216 3.1428526362 0.0151269435883
-0.939080787994 3.2474759798 0.0151290893555
-0.904677018423 3.32538730733 0.0152540206909
-0.927077050693 3.30389291546 0.0154030323029
-0.912555108022 3.28614552268 0.0154418945312
-0.894333123812 3.28334727955 0.0152270793915
-0.915209383567 3.31122533698 0.0152201652527
-0.899613393649 3.35456843679 0.0152649879456
-0.853906728219 3.36906914184 0.0152170658112
-0.860339325674 3.32323835907 0.0152149200439
-0.905104652298 3.20923588507 0.0152499675751
-0.929690878711 3.10558904508 0.0151720046997
-0.92705559963 3.06658567671 0.0152440071106
-0.908285919626 3.11599611894 0.0151660442352
-0.867082643375 3.20492496849 0.0152468681335
-0.844669857862 3.25748199349 0.0151901245117
-0.86425878704 3.27402065624 0.0152878761292
-0.844887089894 3.30176509809 0.0164020061493
-0.829743333204 3.34374792304 0.0152659416199
-0.816719336396 3.38820754534 0.01527094841
-0.801988165821 3.41665101436 0.0151329040527
-0.790448988105 3.44619478417 0.0152308940887
-0.778031757555 3.44757533616 0.0152060985565
-0.777011231243 3.38264755791 0.0152308940887
-0.80030575149 3.290395181 0.015193939209
-0.822133702056 3.22635639456 0.0152370929718
-0.819546981351 3.20689099575 0.0152680873871
-0.812788829333 3.24348330735 0.0152678489685
-0.80089448178 3.30273840005 0.0152070522308
-0.780779147787 3.37078351932 0.0151278972626
-0.780604444355 3.35963302206 0.0158700942993
-0.786226330372 3.29956513685 0.0153288841248
-0.810877817108 3.20586241195 0.0152349472046
-0.835284644333 3.14403319171 0.0151741504669
-0.829433306649 3.18448797528 0.0154359340668
-0.780863457935 3.27972215665 0.015233039856
-0.75504710378 3.33225420877 0.0155098438263
-0.763543699025 3.32326674704 0.0152080059052
-0.779343794205 3.2517215827 0.0152361392975
-0.812832158345 3.1435232754 0.0152170658112
-0.842564291967 3.11200707502 0.0152730941772
-0.809653345617 3.18314861787 0.0151998996735
-0.763689801041 3.28051040317 0.0152521133423
-0.773930495762 3.37918038313 0.015303850174
-0.765652626653 3.40576817514 0.0151338577271
-0.757689639937 3.40947205866 0.0153360366821
-0.768766018976 3.3514920769 0.0151901245117
-0.787906396825 3.26822694827 0.0151410102844
-0.802545733373 3.23992840733 0.0153241157532
-0.781637243663 3.28894461957 0.015202999115
-0.757314086255 3.35584077297 0.0151550769806
-0.759233422772 3.37931122394 0.0154180526733
-0.770962244959 3.35721940396 0.0156991481781
-0.764266471778 3.29365360812 0.0151908397675
-0.777550069136 3.19463294063 0.015252828598
-0.818859533483 3.11894953543 0.0152571201324
-0.780015820787 3.26016988637 0.0153632164001
-0.751325291013 3.32875096206 0.0151398181915
-0.772390234744 3.29637522506 0.0152518749237
-0.798477021701 3.20281401315 0.0151770114899
-0.809764229469 3.1427877494 0.0152750015259
-0.81088854264 3.18804031397 0.015438079834
